---------------kmer 2-----------
1397
1544
1650
1817
2017
---------------kmer 3-----------
1370
1508
1661
1800
2008
---------------kmer 4-----------
1404
1536
1668
1816
2040
---------------kmer 6-----------
1394
1543
1684
1852
2080
---------------kmer 8-----------
1413
1580
1773
1933
2236
---------------kmer 10-----------
1596
2013
2505
3057
3739
---------------kmer 15-----------
1556
2365
3103
3828
4915
---------------kmer 20-----------
1675
2548
3439
4466
5697
---------------kmer 25-----------
1713
2639
3727
4638
6096
---------------kmer 30-----------
1831
2885
3967
5134
6630
---------------kmer 40-----------
1844
3219
4579
5928
7985
---------------kmer 50-----------
2027
3697
5382
6798
9189
---------------kmer 50-----------
2668
5532
8172
11126
15154
1407
1418
1410
